72.78042
73.31169399
76.99986005
72.41991
74.06526844
77.6363053
73.60896
75.97912604
77.32578198
74.8642
76.99117541
81.55311319
112.19028
116.3524252
123.1542536
113.66669
140.4118637
204.7464814
127.22747
143.0380497
202.7224084
130.85626
158.1204143
226.4511507
124.41524
152.7763296
253.5120628
191.22891
286.7299521
501.3867992
211.32791
370.6150212
404.1772432
218.03392
292.4304852
424.0654477
219.58023
293.9690872
448.0211397
230.32411
326.3039633
503.1650656
344.62178
858.4736329
975.7315608
903.7029249
945.6458297
1097.855283
871.1711948
986.6133884
1027.472024
879.2237016
999.3401109
1147.394712
893.6184479
968.5969546
1137.347396
1221.588058
1502.570629
4221.276975
109.63686
112.4505783
111.7974316
114.69798
116.2815564
115.6087078
120.2306
119.2627097
124.6265373
139.23139
136.6348734
136.7330502
499.75026
485.1758055
493.8305004
183.65065
216.7773662
257.7195557
194.11109
210.270608
250.0064594
198.00758
213.8689126
271.9276343
235.28045
237.699392
301.2617737
671.80167
749.118312
750.3703377
355.18573
417.4813545
483.167533
348.73822
424.7361789
506.5504521
369.23673
435.8867844
540.4379095
401.4068
454.9208719
578.0143985
1200.71836
1266.081284
1473.745299
1374.308389
1389.704379
1746.797288
1336.799786
1462.695153
1566.933265
1362.382873
1434.727457
1683.612921
1548.396137
1578.344612
1725.294284
2283.981444
5834.907726
2952.482085
127.8853124
114.3017026
108.89336
128.0441191
118.9998005
110.66953
134.8654231
117.2690332
113.24115
152.1231203
152.0277983
120.63312
281.1211059
324.8581606
283.24434
215.264895
230.5209679
460.12171
211.233365
223.8710848
286.10536
232.2715345
362.065041
305.77077
247.0424009
277.7148822
383.70882
602.9512935
1407.690951
907.68252
806.7281281
418.5820659
850.65069
396.4278163
427.3720879
573.58346
395.2234149
468.1912405
636.02224
554.9406957
527.3466723
760.11981
3365.853886
1361.064245
1901.0968
1146.4958
1133.5778
1308.757802
1135.273717
1078.443605
1400.307728
1148.42974
1265.763625
1375.637884
1144.721363
1161.670262
1419.529399
2303.218061
5558.035889
3711.56388
186.7561548
175.7824542
166.57172
191.0848834
181.7705677
170.03576
201.4597942
182.4459153
181.56425
219.3334836
216.2713833
207.89374
778.2624202
741.8072471
726.29908
518.2827624
311.8133754
331.70709
332.4395051
317.3815582
347.98716
345.0766325
443.3466677
373.38496
354.2528661
425.6675759
447.41656
2056.226934
1142.065751
1792.70054
571.7502277
583.0168623
704.01165
522.7698598
558.6442298
710.60144
573.0411998
569.1963599
755.24252
656.1680186
674.9058873
872.39307
1756.373086
2115.941064
1947.87293
1645.627358
1879.371616
1934.080056
1903.550825
1701.073052
1996.223612
1638.98369
1725.912953
2026.651198
2067.159611
1885.76109
2140.680698
10161.81025
4111.683789
4908.380282

